24729 63537
102345 149973
191427 239937
278304 324609
367386 412809
453381 501009
541140 589650
632868 639042
654477 660210
676527 686229
721509 766050
810150 855573
893940 941568
985668 1034178
1073427 1121496
1161186 1205727
4983333 5005824
5046396 5092260
5130186 5176932
5217945 5268660
5308791 5352891
5399637 5442855
5484309 5528409
5573832 5617491
5656740 5705691
5750232 5792127
7607283 7647855
7688427 7735614
7778391 7826019
7868796 7913778
7957878 7999773
8039463 8090178
8130309 8177937
8215422 8266137
8307591 8351691
8392704 8439450
8483550 8527209
